1721309247014 0.40413005790610657 0
1721309254848 0.4047422574709942 0
1721309262307 0.4075836946168568 0
1721309269948 0.4203522305334856 0
1721309277399 0.4110684729785106 0
1721309285088 0.419047439933682 0
1721309292614 0.4177422509104441 0
1721309300255 0.4107742900121783 0
1721309307975 0.40379520753586656 0
1721309315808 0.40331366457999995 0
1721309323513 0.40974138833702783 0
1721309331668 0.403269674607817 0
1721309339578 0.4101569745443748 0
1721309347606 0.4024114351532162 0
1721309355693 0.3949316941264795 0
1721309363831 0.4147424010180505 0
1721309371729 0.4088005976676356 0
1721309379797 0.4067799315788527 0
1721309387684 0.410660707751938 0
1721309395793 0.4156729217913147 0
1721309403851 0.4055161888117048 0
1721309411983 0.4006721881021276 0
1721309419913 0.4244568992201379 0
1721309427987 0.41224428004649294 0
1721309435842 0.41247629667593105 0
1721309443872 0.40688609491827255 0
1721309451803 0.42500175134674295 0
1721309461476 0.40413005790610657 0
1721309469869 0.4047422574709942 0
1721309477867 0.4075836946168568 0
1721309485948 0.4203522305334856 0
1721309494127 0.4110684729785106 0
1721309502109 0.419047439933682 0
1721309509993 0.4177422509104441 0
1721309518077 0.4107742900121783 0
1721309525952 0.40379520753586656 0
1721309533959 0.40331366457999995 0
1721309542006 0.40974138833702783 0
1721309550070 0.40326967460781693 0
1721309557984 0.4101569745443748 0
1721309566025 0.4024114351532162 0
1721309573872 0.3949316941264795 0
1721309581982 0.4147424010180505 0
1721309590036 0.4088005976676356 0
1721309598137 0.4067799315788527 0
1721309606024 0.410660707751938 0
1721309614192 0.4156729217913147 0
1721309622025 0.4055161888117048 0
1721309630079 0.4006721881021276 0
1721309638153 0.4244568992201379 0
1721309646297 0.41224428004649294 0
1721309654167 0.41247629667593105 0
1721309662268 0.40688609491827255 0
1721309669956 0.42500175134674295 0
1721309679797 0.40413005790610657 0
1721309687886 0.4047422574709942 0
1721309696202 0.4075836946168568 0
1721309704292 0.4203522305334856 0
1721309712226 0.4110684729785106 0
1721309720220 0.419047439933682 0
1721309728293 0.4177422509104441 0
1721309736412 0.4107742900121783 0
1721309744257 0.40379520753586656 0
1721309752307 0.40331366457999995 0
1721309760399 0.40974138833702783 0
1721309768307 0.403269674607817 0
1721309776432 0.4101569745443748 0
1721309784499 0.4024114351532162 0
1721309792438 0.3949316941264795 0
1721309800521 0.4147424010180505 0
1721309808667 0.4088005976676356 0
1721309816728 0.4067799315788527 0
1721309824565 0.410660707751938 0
1721309832724 0.4156729217913147 0
1721309840700 0.40551618881170476 0
1721309848777 0.4006721881021276 0
1721309856940 0.4244568992201379 0
1721309864821 0.41224428004649294 0
1721309872965 0.41247629667593105 0
1721309881144 0.40688609491827266 0
1721309888899 0.42500175134674295 0
1721309897962 0.40413005790610657 0
1721309906089 0.4047422574709942 0
1721309914267 0.4075836946168568 0
1721309922414 0.4203522305334856 0
1721309930316 0.4110684729785106 0
1721309938419 0.419047439933682 0
1721309946584 0.4177422509104441 0
1721309954474 0.4107742900121783 0
1721309962597 0.40379520753586656 0
1721309970731 0.40331366457999995 0
1721309978679 0.40974138833702783 0
1721309986721 0.403269674607817 0
1721309994828 0.4101569745443748 0
1721310002957 0.4024114351532162 0
1721310010884 0.3949316941264795 0
1721310019042 0.4147424010180505 0
1721310027008 0.4088005976676356 0
1721310035163 0.4067799315788527 0
1721310043387 0.410660707751938 0
1721310051307 0.4156729217913147 0
1721310059521 0.4055161888117048 0
1721310067723 0.4006721881021276 0
1721310075695 0.4244568992201379 0
1721310083838 0.41224428004649294 0
1721310091787 0.41247629667593105 0
1721310099932 0.40688609491827255 0
1721310107947 0.42500175134674295 0
1721310117061 0.40413005790610657 0
1721310125202 0.4047422574709942 0
1721310133374 0.4075836946168568 0
1721310141575 0.4203522305334856 0
1721310149420 0.4110684729785106 0
1721310157576 0.419047439933682 0
1721310165508 0.4177422509104441 0
1721310173697 0.4107742900121783 0
1721310181552 0.40379520753586656 0
1721310189697 0.40331366457999995 0
1721310197859 0.40974138833702783 0
1721310206081 0.403269674607817 0
1721310213973 0.4101569745443748 0
1721310222082 0.4024114351532162 0
1721310229921 0.3949316941264795 0
1721310238075 0.4147424010180505 0
1721310246117 0.40880059766763555 0
1721310254221 0.4067799315788527 0
1721310262079 0.410660707751938 0
1721310270236 0.4156729217913147 0
1721310278158 0.4055161888117048 0
1721310286226 0.4006721881021276 0
1721310294267 0.4244568992201379 0
1721310302363 0.41224428004649294 0
1721310310188 0.4124762966759311 0
1721310318325 0.40688609491827255 0
1721310326043 0.42500175134674295 0
1721310335246 0.40413005790610657 0
1721310343395 0.4047422574709942 0
1721310351144 0.4075836946168568 0
1721310359285 0.4203522305334856 0
1721310367471 0.4110684729785106 0
1721310375675 0.419047439933682 0
1721310383887 0.4177422509104441 0
1721310391853 0.4107742900121783 0
1721310400152 0.40379520753586656 0
1721310408037 0.40331366457999995 0
1721310416249 0.40974138833702783 0
1721310424522 0.403269674607817 0
1721310432545 0.4101569745443748 0
1721310440726 0.4024114351532162 0
1721310448952 0.3949316941264795 0
1721310456949 0.4147424010180505 0
1721310465212 0.4088005976676356 0
1721310473192 0.4067799315788527 0
1721310481387 0.410660707751938 0
1721310489577 0.4156729217913147 0
